Grid scores on development set:

0.823 (+/-0.021) for {'n_neighbors': 1}
0.806 (+/-0.044) for {'n_neighbors': 3}
0.790 (+/-0.031) for {'n_neighbors': 5}
0.774 (+/-0.048) for {'n_neighbors': 7}
0.766 (+/-0.042) for {'n_neighbors': 9}


Best parameters set found on development set:
{'n_neighbors': 1}

Best score set found on development set:
0.822857142857

Validation:

Confusion Matrix: 
 102   0   1   0   2   0   0   0   1   1
   0  92   0   6   2   0  11   2   0   0
   3   0  94   0   5   0   2   0   1   6
   1  13   0  93   0   0   2   9   0   0
   0   2  13   0  90   0   0   2   0   3
   0   0   0   5   0 107   0   9   0   0
   0  11   2   2   0   0  80   4   1   2
   0   2   0   6   0   1   2 101   0   0
   1   0   2   0   1   0   5   0 100   0
   3   0   5   1   6   0   2   0   0 100

Accuracy: 0.85625

-----------------------------------------------------
Confusion Matrix: 
 118   0   0   0   2   0   0   0   0   2
   0  99   0   3   1   0   8   8   0   0
   2   0  96   0   8   0   3   0   0   5
   0   8   0 104   0   1   1   8   0   0
   0   0   5   0  87   0   0   2   0   5
   0   0   0   3   0 102   0   5   0   0
   0  11   6   2   0   0  83   2   5   1
   0   2   0   5   0   1   0  89   0   0
   1   0   1   0   0   0   3   0 111   0
   4   0   3   0   5   0   2   0   0  97

Accuracy: 0.880357142857

-----------------------------------------------------
Confusion Matrix: 
 101   0   0   0   3   0   0   0   1   4
   0  99   0   4   0   0   8   5   0   0
   1   0  94   0  11   0   4   0   3   7
   0  10   0  86   0   2   0  10   0   0
   2   6  11   0  95   0   0   0   0   6
   0   0   0   1   0  98   0   3   0   0
   0  10   7   3   0   0  95   0   6   0
   0   2   0   8   0   5   0 104   0   0
   0   0   2   0   0   0   1   0 103   0
   2   0   3   0   6   0   2   0   1  85

Accuracy: 0.857142857143

-----------------------------------------------------
Confusion Matrix: 
 103   0   0   0   2   0   0   0   1   1
   0  90   0   4   3   0   7   3   0   0
   1   0 101   0   2   0   2   0   1   7
   0  10   0  86   0   2   1  16   0   0
   0   0   7   0  99   0   0   2   0   2
   0   0   0   4   0 118   0   1   0   0
   0  12   3   2   0   0  84   0   8   3
   0   4   0  14   1   3   4  92   0   0
   0   0   2   0   0   0   5   0  97   0
   2   0   4   2   5   0   0   0   0  97

Accuracy: 0.863392857143

-----------------------------------------------------
Confusion Matrix: 
 112   0   0   1   1   0   0   0   2   1
   0  93   0   1   0   0   6   0   0   0
   0   0 103   0   3   0   1   0   2   2
   0  11   0  92   0   0   0  10   0   0
   0   7   9   0 101   0   0   1   0   4
   0   0   0   6   0  96   0   1   0   0
   0  19   8   5   0   0  98   0   5   3
   0   5   0   8   1   0   6  98   0   0
   0   0   4   0   0   0   3   0 101   0
   1   0   5   1   2   0   0   0   0  81

Accuracy: 0.870535714286

-----------------------------------------------------
Confusion Matrix: 
 110   0   0   0   2   0   0   0   1   2
   0 101   0   4   3   0   7   3   0   0
   1   0 103   0   4   0   2   0   0   2
   0  15   0  94   0   0   2   7   0   0
   2   6  10   0  86   0   0   0   0   3
   0   0   0   2   0  88   0   1   0   0
   0  15   2   3   0   0  89   0   3   3
   0   2   0   7   0   3   2 104   0   0
   0   0   1   0   0   0   4   0 100   0
   1   0   9   0   6   0   1   0   0 104

Accuracy: 0.874107142857

-----------------------------------------------------
Confusion Matrix: 
  97   0   2   1   0   0   0   0   1   3
   0  93   0   5   3   0   9   6   1   0
   0   0  87   0   6   0   1   0   0   8
   1  10   0  78   0   1   3  16   0   0
   1   3  15   0  96   0   0   0   0   3
   0   0   0   1   0 108   0   2   0   0
   0  14   3   1   0   0  80   1   6   1
   0   3   0   5   0   1   2 102   0   0
   0   0   4   0   0   0   5   0 111   0
   3   0   5   1   3   0   3   0   0 105

Accuracy: 0.854464285714

-----------------------------------------------------
Confusion Matrix: 
 100   0   0   2   1   0   0   0   0   6
   0  95   0   9   4   0   9   2   0   0
   0   0  96   0   6   0   1   0   1   8
   0   3   0  88   0   0   2  10   0   0
   0   0  19   0  96   0   0   0   0   4
   0   0   0   1   0 102   0   4   0   0
   0  17   2   1   0   0  85   3   6   3
   0   4   0   5   0   8   0  97   0   0
   0   0   1   0   1   0   3   0 107   0
   1   0   4   0   3   0   5   0   0  95

Accuracy: 0.858035714286

-----------------------------------------------------
Confusion Matrix: 
  94   0   1   0   3   0   0   0   0   0
   0 101   0   2   1   0  14   1   0   0
   0   0 104   0   9   0   3   0   2  10
   0   9   0  83   0   0   2  10   0   0
   4   3   9   0  97   0   0   0   0   3
   0   0   0   2   0 103   0   3   0   0
   0   7   3   0   0   0  89   2   2   1
   0   5   0   6   0   1   2 105   0   0
   3   0   3   0   0   0   2   0 103   0
   3   2   4   0   3   0   5   0   0  96

Accuracy: 0.870535714286

-----------------------------------------------------
Confusion Matrix: 
 110   0   1   0   2   0   0   0   2   0
   0  89   0  11   3   0   7   1   0   0
   1   0 100   0   6   0   4   0   2   6
   0  11   0  97   0   0   3  10   0   0
   2   1   7   0  76   0   0   0   1   2
   0   0   0   2   0 108   0   5   0   0
   0  13   5   1   0   0  95   2   5   5
   0   4   0   7   0   3   0  89   0   0
   2   2   0   0   0   0   2   0 103   0
   2   0   6   1   7   0   3   0   0  93

Accuracy: 0.857142857143

-----------------------------------------------------

Validation Results:
0.85625 0.880357142857 0.857142857143 0.863392857143 0.870535714286 0.874107142857 0.854464285714 0.858035714286 0.870535714286 0.857142857143 

Mean:0.864196428571

