Grid scores on development set:

0.989 (+/-0.015) for {'n_neighbors': 1}
0.984 (+/-0.016) for {'n_neighbors': 3}
0.981 (+/-0.014) for {'n_neighbors': 5}
0.981 (+/-0.013) for {'n_neighbors': 7}
0.974 (+/-0.011) for {'n_neighbors': 9}


Best parameters set found on development set:
{'n_neighbors': 1}

Best score set found on development set:
0.989285714286

Validation:

Confusion Matrix: 
 107   0   0   0   0   0   0   0   0   0
   0 113   0   0   0   0   0   0   0   0
   0   0 111   0   0   0   0   0   0   0
   0   0   0 116   0   0   1   1   0   0
   1   0   2   0 107   0   0   0   0   0
   0   0   0   0   0 121   0   0   0   0
   0   1   2   0   0   0  99   0   0   0
   0   0   0   1   0   0   0 111   0   0
   0   0   0   0   0   0   0   0 109   0
   0   0   0   0   0   0   0   0   0 117

Accuracy: 0.991964285714

-----------------------------------------------------
Confusion Matrix: 
 110   0   1   0   0   0   0   0   0   0
   0 117   0   0   0   0   0   0   0   0
   0   0 111   0   0   0   0   0   0   0
   0   0   0 119   0   0   1   1   0   0
   1   0   1   0 102   0   0   0   0   0
   0   0   0   0   0 118   0   0   0   0
   0   0   0   0   0   0  94   0   0   0
   0   0   0   0   0   0   0 108   0   0
   0   0   0   0   0   0   0   0 116   0
   0   0   0   0   0   0   0   0   0 120

Accuracy: 0.995535714286

-----------------------------------------------------
Confusion Matrix: 
 103   0   0   0   0   0   0   0   0   0
   0 121   0   0   0   0   0   0   0   0
   0   0 108   0   0   0   0   0   0   0
   0   0   0 117   0   0   1   0   0   0
   1   0   1   0 118   0   0   0   0   0
   0   0   0   1   0 116   0   0   0   0
   0   0   2   0   0   0 107   0   0   0
   0   0   0   1   0   0   0 105   0   0
   0   0   0   0   1   0   0   0 105   0
   0   0   0   0   0   0   0   0   0 112

Accuracy: 0.992857142857

-----------------------------------------------------
Confusion Matrix: 
 107   0   0   0   0   0   0   0   0   0
   0 121   0   0   0   0   0   0   0   0
   0   0 112   0   0   0   1   0   0   0
   0   0   0 111   0   0   0   0   0   0
   0   0   1   0 113   0   0   0   0   1
   0   0   0   0   0 105   0   0   0   0
   0   0   0   0   0   0 111   0   0   0
   0   0   0   0   0   0   0 112   0   0
   0   0   0   0   0   0   0   0 115   0
   0   0   0   0   0   0   0   0   0 110

Accuracy: 0.997321428571

-----------------------------------------------------
Confusion Matrix: 
 109   0   0   0   0   0   0   0   0   0
   0 115   0   0   0   0   0   0   0   0
   1   0 118   0   0   0   0   0   0   0
   0   0   0 118   0   0   1   0   0   0
   0   0   2   0 105   0   0   0   0   0
   0   0   0   0   0 110   0   0   0   0
   0   0   0   1   0   0 113   0   0   0
   0   0   0   0   0   0   0 107   0   0
   0   0   0   0   0   0   0   0  99   0
   0   0   0   0   0   0   0   0   0 121

Accuracy: 0.995535714286

-----------------------------------------------------
Confusion Matrix: 
 125   0   0   0   0   0   0   0   0   0
   0 107   0   0   0   0   0   0   0   0
   1   0 120   0   0   0   0   0   0   0
   0   0   0 103   0   1   0   0   0   0
   1   0   2   0 118   0   0   0   0   0
   0   0   0   1   0 123   0   0   0   0
   0   0   3   0   0   0  87   0   0   0
   0   0   0   1   0   0   0 103   0   0
   0   0   0   0   0   0   0   0 121   0
   0   0   0   0   0   0   0   0   0 103

Accuracy: 0.991071428571

-----------------------------------------------------
Confusion Matrix: 
 116   0   1   0   0   0   0   0   0   0
   0 119   0   0   0   0   0   0   0   0
   0   0 117   0   0   0   0   0   0   0
   0   0   0 116   0   0   0   0   0   0
   0   0   0   0 115   0   0   0   0   0
   0   0   0   0   0 104   0   0   0   0
   0   0   3   0   0   0 109   0   0   0
   0   0   0   0   0   0   0 114   0   0
   0   0   0   0   0   0   0   0 106   0
   0   0   0   1   0   0   0   0   0  99

Accuracy: 0.995535714286

-----------------------------------------------------
Confusion Matrix: 
 126   0   0   0   0   0   0   0   0   0
   0 107   0   0   0   0   0   0   0   0
   0   0 106   0   0   0   0   0   0   0
   0   0   0 113   0   0   1   0   0   0
   1   0   1   0 117   0   0   0   0   1
   0   0   0   0   0 103   0   0   0   0
   0   0   1   0   0   0 116   0   0   0
   0   0   0   0   0   0   0 108   0   0
   0   0   0   0   0   0   0   0 111   0
   0   0   0   0   0   0   0   0   0 108

Accuracy: 0.995535714286

-----------------------------------------------------
Confusion Matrix: 
 102   0   0   0   0   0   0   0   0   0
   0 103   0   0   0   0   0   0   0   0
   0   0 128   0   0   0   1   0   0   0
   0   0   0 117   0   0   1   0   0   0
   0   0   1   0 122   0   0   0   0   0
   0   0   0   0   0 114   0   0   0   0
   0   1   0   1   0   0 102   0   0   0
   0   0   0   0   0   0   0 104   0   0
   0   0   0   2   0   0   0   0 117   0
   0   0   0   0   0   0   0   0   0 104

Accuracy: 0.99375

-----------------------------------------------------
Confusion Matrix: 
 104   0   0   0   0   0   0   0   0   0
   0 116   0   0   0   0   0   0   0   0
   0   0 120   0   0   0   0   0   0   0
   0   0   0 118   0   0   2   0   0   0
   0   0   2   0 107   0   0   0   0   0
   0   0   0   1   0 102   0   0   0   0
   0   0   3   0   0   0 119   0   0   0
   0   0   0   0   0   0   0 103   0   0
   0   0   0   0   0   0   0   0 109   0
   0   0   0   0   1   0   0   0   0 113

Accuracy: 0.991964285714

-----------------------------------------------------

Validation Results:
0.991964285714 0.995535714286 0.992857142857 0.997321428571 0.995535714286 0.991071428571 0.995535714286 0.995535714286 0.99375 0.991964285714 

Mean:0.994107142857

