Grid scores on development set:

0.780 (+/-0.044) for {'n_neighbors': 1}
0.741 (+/-0.017) for {'n_neighbors': 3}
0.724 (+/-0.048) for {'n_neighbors': 5}
0.716 (+/-0.044) for {'n_neighbors': 7}
0.702 (+/-0.038) for {'n_neighbors': 9}


Best parameters set found on development set:
{'n_neighbors': 1}

Best score set found on development set:
0.78

Validation:

Confusion Matrix: 
  98   4   2   3   1   3   0   1   7   0
   1 104   1   2   2   0   4   1   0   0
   4   0  97   0   1   0   1   0   0   2
   2   7   0  83   0   0   5   8   1   0
   1  12  10   1  66   1   8   1   3  10
   3   0   0   6   0  89   0   6   2   0
   0  15  10   3   2   0  73   2   1   2
   0   3   0   7   0   4   1 107   1   0
   4   2   0   0   0   2   3   2  96   1
   2   1   1   4   4   0   2   0   3  98

Accuracy: 0.813392857143

-----------------------------------------------------
Confusion Matrix: 
  75   2   3   3   0   2   2   2   8   1
   4  97   0   1   3   0   6   2   0   0
   2   2 103   1   5   1   4   0   1   3
   2   6   0  97   0   2   1   6   0   0
   2  10   5   0  68   1  10   2   0   7
   1   0   0   4   0 115   0   2   1   0
   3  10   6  10   3   0  74   5   0   0
   0   4   0  10   0   6   0  91   0   0
   4   1   1   2   2   1   2   1  92   2
   4   0   1   1   2   0   5   1   3  98

Accuracy: 0.8125

-----------------------------------------------------
Confusion Matrix: 
  88   0   2   4   0   3   3   1  13   1
   0 111   0   0   0   0   5   2   0   0
   1   0  98   0   2   0   8   0   1   2
   3  11   0  90   0   3   4   7   0   0
   5  11   7   1  70   1   6   1   3   2
   4   0   0   1   0  83   0   3   0   0
   1  17   4   2   2   0  78   8   2   1
   0   2   4   6   1   7   0  98   0   0
   5   0   1   3   0   4   1   2  88   1
   1   0   0   3   6   0   1   0   1 109

Accuracy: 0.815178571429

-----------------------------------------------------
Confusion Matrix: 
  87   1   0   1   0   2   1   1   9   0
   0  93   1   1   3   0   2   0   0   0
   1   0  89   0   3   0   4   1   3   2
   0   8   0 102   1   5   2   5   1   0
   2  14   4   0  77   0  11   1   4   3
   4   0   0   3   0  96   0   6   1   0
   3  14   8   8   7   0  57   4   2   0
   1   3   0  11   1   8   1  92   1   0
   3   1   2   1   2   1   0   1 104   1
   0   0   2   2   1   0   3   1   3 116

Accuracy: 0.815178571429

-----------------------------------------------------
Confusion Matrix: 
  82   1   4   3   1   2   1   0   7   0
   0  99   0   2   1   0   6   3   0   0
   3   1  81   0   3   1   7   1   0   2
   2   6   0  91   1   3   2   7   1   0
   0  17   6   2  78   0  11   1   0   5
   3   0   0   5   0 103   0   5   3   0
   2  16  11   3   3   0  75   2   3   0
   0   1   0   7   0   2   3  94   0   0
   8   1   5   2   0   2   2   1 102   1
   0   0   3   1   2   0   1   1   2 101

Accuracy: 0.808928571429

-----------------------------------------------------
Confusion Matrix: 
  87   4   1   4   0   2   1   2   3   1
   0 105   0   3   0   0   4   0   0   0
   1   1 103   0   5   1   5   1   1   1
   0   5   0  91   0   2   2   6   0   0
   1  18   8   3  62   1  16   0   1   9
   2   0   0   2   0 101   0   7   0   0
   5  16   4   7   3   0  82   4   0   1
   0   9   0   7   0   5   1  92   0   0
   5   2   2   3   1   3   0   0  73   3
   1   0   2   0   1   0   4   0   3 108

Accuracy: 0.807142857143

-----------------------------------------------------
Confusion Matrix: 
  80   1   2   7   1   0   0   3  13   1
   2 106   0   6   5   0   6   2   0   0
   2   0  94   0   2   0   4   0   2   1
   0   3   0  96   1   1   3   9   2   0
   3  10   8   1  68   0   5   1   2   5
   4   0   0   1   0 100   0   5   1   0
   0  19   6   4   8   0  86   2   1   0
   0   2   0   6   0   2   1  96   0   0
   5   0   3   2   0   0   1   0  95   2
   2   0   4   1   5   0   1   0   3  94

Accuracy: 0.816964285714

-----------------------------------------------------
Confusion Matrix: 
  97   4   3   2   0   2   2   0   6   0
   0  92   1   3   1   0   3   3   0   0
   3   3 106   0   5   0   7   1   0   4
   0   3   0 104   1   1   0   7   1   1
   2  12   6   1  77   2   9   1   0   1
   0   0   0   4   0  90   0   7   0   0
   4  14   6   6   3   0  75   5   0   0
   0   2   0   5   0   1   1 109   1   0
  11   1   2   0   5   2   2   1  81   1
   2   1   1   1   3   0   1   0   3  92

Accuracy: 0.824107142857

-----------------------------------------------------
Confusion Matrix: 
  84   4   2   6   1   5   1   3   7   1
   0  98   0   6   2   0   4   2   0   0
   3   0  94   0   2   0   7   0   1   3
   0   4   0  98   0   4   2  10   1   0
   0  12   2   2  80   1   8   2   5   6
   2   0   0   3   0  96   0   4   2   0
   4  12   5   8   5   1  78   5   1   1
   0   0   0   5   0   5   3  83   0   0
   7   2   0   2   0   2   0   0  94   3
   1   1   1   1   3   0   1   0   0 106

Accuracy: 0.813392857143

-----------------------------------------------------
Confusion Matrix: 
  93   4   2   4   1   0   1   3   4   1
   0  95   0   4   1   0   3   1   0   0
   0   0  95   0   3   0   6   1   0   2
   0   8   0 100   1   0   2  10   1   0
   3  13   5   1  67   0   8   2   1   6
   2   0   0   4   0  96   0   8   2   0
   3  16   8   8   2   0  70   1   1   1
   0   3   0   6   0   6   2  97   2   0
   9   0   1   1   4   0   2   0  94   3
   1   1   1   3   4   0   2   1   0 103

Accuracy: 0.8125

-----------------------------------------------------

Validation Results:
0.813392857143 0.8125 0.815178571429 0.815178571429 0.808928571429 0.807142857143 0.816964285714 0.824107142857 0.813392857143 0.8125 

Mean:0.813928571429

