Grid scores on development set:

0.839 (+/-0.012) for {'n_neighbors': 1}
0.801 (+/-0.020) for {'n_neighbors': 3}
0.762 (+/-0.032) for {'n_neighbors': 5}
0.751 (+/-0.042) for {'n_neighbors': 7}
0.743 (+/-0.059) for {'n_neighbors': 9}


Best parameters set found on development set:
{'n_neighbors': 1}

Best score set found on development set:
0.838571428571

Validation:

Confusion Matrix: 
  95   2   3   3   0   1   0   0   0   1
   5  88   0   3   0   0   0   0   1   0
   1   1 103   0   3   1   2   1   0   0
   1   3   0 100   0   1   0   4   0   0
   2  13   6   1  90   0   2   2   6   0
   3   0   1   0   1 103   0   3   0   0
   1   8   6   9   1   0  88   1   0   2
   1   1   0   6   0   7   5  94   0   0
   2   1   1   0   1   0   1   2 102   0
   1   1   1   3   1   0   0   1   0 116

Accuracy: 0.874107142857

-----------------------------------------------------
Confusion Matrix: 
 108   1   0   2   0   1   0   1   1   1
   1  92   0   1   0   0   2   0   0   0
   0   2  98   0   2   0   5   0   0   0
   1   6   0  94   0   0   5   6   1   0
   5  10   6   0  85   0   6   0   3   1
   0   0   0   2   1 111   0   7   0   0
   2   9   5   5   1   0  92   4   0   1
   0   0   0   7   0   3   0  97   0   0
   3   2   0   3   3   0   1   1 103   0
   2   0   0   1   1   0   3   0   0 103

Accuracy: 0.877678571429

-----------------------------------------------------
Confusion Matrix: 
  99   0   1   7   2   0   1   1   2   0
   0  93   0   2   1   0   1   0   0   1
   0   0 111   0   4   0   5   1   1   0
   1   6   0 100   0   3   2   9   1   1
   1  13   4   1  76   0   9   0   2   1
   0   0   1   3   0  99   0   7   1   0
   0   6  10   7   2   0  89   1   0   0
   1   1   0   6   0   4   1  96   0   0
   3   0   1   0   2   0   1   1 106   1
   0   1   1   3   0   0   2   0   0 100

Accuracy: 0.865178571429

-----------------------------------------------------
Confusion Matrix: 
 103   0   1   3   1   1   0   3   3   1
   1 120   0   5   0   0   2   1   1   0
   0   0  92   0   1   0   5   1   1   0
   2   8   0  94   0   1   1   7   1   0
   5  13   7   1  84   0  10   0   0   1
   0   0   0   2   0 108   0   7   1   0
   0   9   5   4   0   0  71   3   0   0
   0   0   0   5   0   3   1  89   0   0
   3   0   0   1   0   4   0   0 106   1
   1   0   0   2   4   0   2   1   1 105

Accuracy: 0.867857142857

-----------------------------------------------------
Confusion Matrix: 
  95   0   0   0   3   0   1   1   7   1
   0 111   2   7   4   0   3   0   0   0
   0   1  97   0   2   0   5   0   0   0
   0   4   0 104   0   0   2   2   3   0
   1   9   7   1  75   0   4   0   5   1
   1   0   0   1   1 104   0   4   0   0
   0   8  10   7   1   0  98   1   0   1
   0   0   0   8   0   1   2  96   0   0
   2   0   2   1   1   0   0   1 101   0
   1   0   1   2   1   0   1   0   1 103

Accuracy: 0.878571428571

-----------------------------------------------------
Confusion Matrix: 
  98   1   1   4   1   1   0   1   3   1
   0 105   0   2   3   0   3   1   0   0
   0   1 111   0   2   0   5   0   2   0
   1   7   0  94   0   2   2   7   3   0
   3  11   3   0  91   0   5   0   2   1
   0   0   0   3   0  96   0   5   1   0
   1   6   2   3   0   0  92   1   1   1
   0   0   0   5   0   1   1 100   0   0
   0   0   2   0   1   0   2   0 106   0
   0   0   0   0   2   1   1   0   0 108

Accuracy: 0.89375

-----------------------------------------------------
Confusion Matrix: 
 106   1   1   5   0   0   0   3   2   0
   0 109   0   2   1   0   0   0   2   1
   2   0 105   0   3   0   7   0   2   0
   0   5   0  92   0   1   0   4   0   1
   6   8   6   0  90   0   1   0   9   1
   2   0   0   1   1  95   0   7   0   0
   2   6   5   3   5   0  85   0   1   1
   3   2   0   6   0   2   3  95   0   0
   1   1   0   4   1   1   1   2  98   0
   0   0   0   0   2   0   0   1   0 107

Accuracy: 0.876785714286

-----------------------------------------------------
Confusion Matrix: 
 108   3   0   5   2   0   2   2   4   0
   2 101   0   3   0   0   1   0   0   0
   0   0 101   0   2   0   3   0   0   0
   1   8   0  95   1   2   0   5   1   1
   1  15   6   1  86   0   7   0   3   1
   1   0   0   0   0  89   0  12   1   0
   0   6   7   8   2   0  91   3   0   0
   0   0   0   5   0   4   0  99   0   0
   1   1   2   2   0   4   0   0 100   1
   1   2   0   2   2   0   1   1   0  99

Accuracy: 0.865178571429

-----------------------------------------------------
Confusion Matrix: 
 103   1   1   7   0   0   2   1   2   0
   1 103   2   5   5   0   3   0   0   0
   3   1 104   0   1   0   7   1   0   0
   0   6   0  97   0   0   3   7   1   2
   2   4   3   0  88   0  11   2   4   1
   1   0   0   3   0  93   0   7   0   0
   1   5   8   5   3   0  87   1   0   2
   0   4   0   8   0   1   3  97   1   0
   3   0   0   1   1   1   1   0  98   1
   0   0   1   1   0   0   2   0   0  96

Accuracy: 0.8625

-----------------------------------------------------
Confusion Matrix: 
  96   2   0   3   1   2   0   1   3   2
   0  94   0   3   3   0   1   0   1   0
   1   1 100   0   1   0   5   0   1   0
   1   2   0  91   0   2   2   7   1   1
   5   9   8   0  81   0   8   1   3   1
   0   0   0   3   1 114   0   9   0   0
   2   9   8   4   2   0  90   2   0   0
   0   0   0   6   0   2   1 105   0   0
   2   0   1   0   3   1   1   0  98   1
   1   1   0   2   0   0   4   1   1 101

Accuracy: 0.866071428571

-----------------------------------------------------

Validation Results:
0.874107142857 0.877678571429 0.865178571429 0.867857142857 0.878571428571 0.89375 0.876785714286 0.865178571429 0.8625 0.866071428571 

Mean:0.872767857143

