Grid scores on development set:

0.792 (+/-0.018) for {'n_neighbors': 1}
0.761 (+/-0.021) for {'n_neighbors': 3}
0.735 (+/-0.036) for {'n_neighbors': 5}
0.729 (+/-0.038) for {'n_neighbors': 7}
0.712 (+/-0.036) for {'n_neighbors': 9}


Best parameters set found on development set:
{'n_neighbors': 1}

Best score set found on development set:
0.792142857143

Validation:

Confusion Matrix: 
  94   3   1   1   0   1   0   2   3   0
   1 104   0   4   0   0   3   0   0   0
   1   0 103   0   5   1   6   1   1   1
   0   4   0  88   0   1   4   9   0   0
   5  15   6   1  71   1  11   0   3   6
   1   0   0   2   0 102   0   7   0   0
   3  16   3   9   1   0  80   6   0   4
   0   7   0   8   0   6   1  92   0   0
   5   1   1   2   1   2   0   0  78   2
   0   0   2   0   1   0   3   0   2 111

Accuracy: 0.824107142857

-----------------------------------------------------
Confusion Matrix: 
  92   2   4   5   0   2   0   2  10   1
   1 105   0   5   2   0   2   0   0   0
   3   1 102   0   3   0   6   0   1   3
   0   7   0  82   0   5   2   7   0   0
   5  12   6   0  85   0   3   0   8   2
   2   0   0   4   0  94   0   6   0   0
   3  16   6   3   4   0  73   2   1   0
   2   4   0   6   0   3   1  95   0   0
   3   2   0   2   2   2   1   2  95   0
   0   0   0   0   1   0   2   1   2 104

Accuracy: 0.827678571429

-----------------------------------------------------
Confusion Matrix: 
  95   6   1   3   1   0   0   0  11   2
   2  97   0   4   2   0   2   0   0   0
   1   0  95   0   2   0   4   0   0   1
   0   6   0  85   0   2   3   5   1   0
   2  13  12   0  78   0   4   0   5   3
   3   0   1   2   0 109   0   7   0   0
   1  23  12   2   1   0  67   4   1   1
   0   2   1   9   0   3   2 113   1   0
   2   2   1   1   2   0   0   1  98   3
   0   0   1   1   2   1   2   0   2  88

Accuracy: 0.825892857143

-----------------------------------------------------
Confusion Matrix: 
  95   3   2   1   1   4   0   1   2   0
   3  95   0   1   4   0   2   0   0   0
   2   1 100   0   3   0   5   1   1   0
   2   6   0  98   0   5   1  12   1   0
   3  16   6   0  69   0  12   2   0   3
   2   0   2   3   0 104   0   2   1   0
   0  12   6   6   2   0  67   1   0   1
   0   2   0   8   0   6   0  95   0   0
   8   2   0   1   4   2   1   1 107   2
   0   0   2   0   3   1   2   0   1 100

Accuracy: 0.830357142857

-----------------------------------------------------
Confusion Matrix: 
  79   2   2   1   0   2   1   0   3   2
   0  97   0   3   1   0   4   0   0   0
   3   1  92   0   5   0   6   1   0   3
   1   4   0  92   0   3   3  10   0   1
   3  14   4   0  78   0   5   0   0   8
   2   0   1   4   0 104   0  12   1   0
   1  12  10   8   1   0  82   2   0   1
   1   2   0   8   0   3   2  90   0   0
   8   0   0   2   4   0   1   1 100   2
   0   0   0   2   3   1   3   0   1 111

Accuracy: 0.825892857143

-----------------------------------------------------
Confusion Matrix: 
  83   2   6   5   1   2   1   1  10   1
   2  90   0   3   9   0   2   1   0   0
   3   1 103   0   5   0   4   1   0   3
   0  12   0 100   0   1   0  11   1   0
   4   8   5   1  72   0   3   0   2   1
   1   0   0   5   1 108   0   6   0   0
   2  13   5   8   2   0  69   1   2   0
   0   3   0   6   0   5   1  94   0   0
   5   0   0   2   2   2   0   3 107   1
   0   0   0   1   3   1   1   1   4  95

Accuracy: 0.822321428571

-----------------------------------------------------
Confusion Matrix: 
  85   4   5   3   1   1   0   1   4   0
   0 108   1   1   2   0   5   0   0   0
   2   1  87   0   3   1   7   0   1   0
   1   5   0  92   0   1   2   7   1   0
   0  15  11   0  81   0   5   1   2   3
   0   0   0   5   0 101   0   5   0   0
   1  11   7   9   2   0  74   2   0   0
   0   3   0   7   0   3   2  98   0   0
   8   0   1   5   2   2   1   1  99   1
   0   0   1   2   4   0   4   1   3 105

Accuracy: 0.830357142857

-----------------------------------------------------
Confusion Matrix: 
  94   7   6   3   0   2   0   0  12   1
   1 101   0   1   2   0   2   0   0   0
   2   0 104   0   5   0   8   1   1   0
   0   6   0  90   0   1   1   5   0   1
   2  13   6   1  83   0   9   1   3   3
   3   0   1   3   0 104   0   9   4   0
   0  10   5   2   1   0  68   3   0   1
   0   4   0   9   0   2   2  87   0   0
  10   0   1   3   3   0   1   1 101   1
   0   0   2   1   1   0   0   0   0  99

Accuracy: 0.83125

-----------------------------------------------------
Confusion Matrix: 
  91   3   5   5   0   2   0   1   7   1
   2  97   1   6   2   0   4   3   0   0
   1   1  91   0   6   0   7   1   1   0
   0   5   0  98   0   0   3   9   1   0
   1  12   4   0  77   1   7   1   3   2
   0   0   0   4   0  96   0   5   1   0
   1  12  12   6   0   0  81   2   2   2
   0   2   4   4   0   3   0  98   0   0
   6   0   0   2   3   2   1   1 106   2
   0   1   1   1   3   1   1   0   0  92

Accuracy: 0.827678571429

-----------------------------------------------------
Confusion Matrix: 
 102   3   1   1   2   3   0   1   6   0
   2 102   1   3   3   0   3   1   0   0
   3   0  96   0   2   0   2   0   0   2
   0   8   0  86   0   0   4   7   1   0
   1  11   8   0  74   0   9   2   4   4
   3   0   0   8   0  89   0   4   2   0
   1  13  10   2   2   0  78   1   0   1
   0   3   0   6   0   4   1 108   1   0
   5   1   1   0   0   1   2   2  97   1
   0   0   2   5   2   0   2   0   4 100

Accuracy: 0.832142857143

-----------------------------------------------------

Validation Results:
0.824107142857 0.827678571429 0.825892857143 0.830357142857 0.825892857143 0.822321428571 0.830357142857 0.83125 0.827678571429 0.832142857143 

Mean:0.827767857143

