Grid scores on development set:

0.984 (+/-0.010) for {'n_neighbors': 1}
0.978 (+/-0.017) for {'n_neighbors': 3}
0.971 (+/-0.010) for {'n_neighbors': 5}
0.970 (+/-0.014) for {'n_neighbors': 7}
0.965 (+/-0.026) for {'n_neighbors': 9}


Best parameters set found on development set:
{'n_neighbors': 1}

Best score set found on development set:
0.984285714286

Validation:

Confusion Matrix: 
 115   0   0   0   2   0   0   0   0   0
   0 110   0   0   0   0   0   0   0   0
   1   0  97   0   0   0   2   0   0   0
   0   0   0 113   0   0   0   0   0   0
   2   0   2   0 112   0   0   0   0   0
   0   0   0   1   0 107   0   0   0   0
   0   1   1   0   0   0 103   0   0   0
   0   0   0   0   0   0   0 114   0   0
   0   0   0   0   0   0   0   0 109   0
   0   0   0   0   0   0   0   0   0 128

Accuracy: 0.989285714286

-----------------------------------------------------
Confusion Matrix: 
 102   0   0   0   0   0   0   0   0   0
   0 107   0   0   0   0   0   0   0   0
   0   0 104   0   0   0   1   0   0   0
   0   0   0 122   0   0   0   0   0   0
   0   0   0   0 112   0   0   0   0   1
   0   0   0   0   0 101   0   0   0   0
   0   1   5   0   0   0 117   0   0   0
   0   0   0   0   0   0   0 111   0   0
   0   0   0   0   0   0   0   0 123   0
   0   0   0   0   0   0   0   0   0 113

Accuracy: 0.992857142857

-----------------------------------------------------
Confusion Matrix: 
 105   0   0   0   0   0   0   0   0   0
   0 111   0   0   0   0   0   0   0   0
   1   0 107   0   0   0   0   0   0   1
   0   0   0 117   0   0   1   2   0   0
   2   0   1   0  96   0   0   0   0   0
   0   0   0   0   0 110   0   0   0   0
   0   1   7   1   0   0 127   0   0   0
   0   0   0   0   0   0   0 108   0   0
   1   0   0   0   0   0   0   0 106   0
   0   0   0   1   0   0   0   0   0 114

Accuracy: 0.983035714286

-----------------------------------------------------
Confusion Matrix: 
 111   0   0   0   0   0   0   0   0   0
   0 114   0   0   0   0   0   0   0   0
   0   0 120   0   0   0   1   0   0   0
   0   0   0 115   0   0   1   0   0   0
   0   0   3   0 113   0   0   0   0   0
   0   0   0   2   0 103   0   0   0   0
   0   1   4   1   0   0 101   0   0   0
   0   0   0   0   0   0   0 107   0   0
   1   0   0   0   0   0   0   0 110   0
   0   0   0   2   0   0   0   0   0 110

Accuracy: 0.985714285714

-----------------------------------------------------
Confusion Matrix: 
 105   0   0   0   0   0   0   0   0   0
   0  97   0   0   0   0   0   0   0   0
   0   0 110   0   0   0   1   0   0   1
   0   0   0 108   0   0   1   0   0   0
   1   0   3   0 118   0   0   0   0   0
   0   0   0   0   0 111   0   0   0   0
   0   0   4   1   0   0 111   0   0   0
   0   0   0   0   0   0   0 114   0   0
   0   0   0   0   0   0   0   0 110   0
   0   0   0   0   0   0   0   0   0 124

Accuracy: 0.989285714286

-----------------------------------------------------
Confusion Matrix: 
 104   0   0   0   0   0   0   0   0   0
   0 117   0   0   0   0   0   0   0   0
   0   0 102   0   0   0   0   0   0   0
   0   1   0 107   0   0   0   1   0   0
   0   0   3   0 115   0   0   0   0   0
   0   0   0   0   0 111   0   0   0   0
   0   1   4   0   0   0 101   0   0   0
   0   0   0   0   0   0   0 113   0   0
   0   0   0   0   0   0   0   0 120   0
   0   0   0   2   0   0   0   0   0 118

Accuracy: 0.989285714286

-----------------------------------------------------
Confusion Matrix: 
 105   0   0   0   0   0   0   0   0   0
   0 111   0   0   0   0   0   0   0   0
   1   0 107   0   0   0   0   0   0   1
   0   0   0 117   0   0   1   2   0   0
   2   0   1   0  96   0   0   0   0   0
   0   0   0   0   0 110   0   0   0   0
   0   1   7   1   0   0 127   0   0   0
   0   0   0   0   0   0   0 108   0   0
   1   0   0   0   0   0   0   0 106   0
   0   0   0   1   0   0   0   0   0 114

Accuracy: 0.983035714286

-----------------------------------------------------
Confusion Matrix: 
 112   0   1   0   1   0   0   0   0   0
   0 110   0   0   0   0   0   0   0   0
   0   0  92   0   0   0   2   0   0   0
   0   0   0 112   0   0   0   1   0   0
   0   0   5   0 109   0   0   0   0   0
   0   0   0   1   0 115   1   0   0   0
   0   0   5   1   0   0 111   0   0   0
   0   0   0   0   0   0   0 112   0   0
   0   0   0   0   0   0   0   0 118   0
   0   0   0   0   0   0   0   0   0 111

Accuracy: 0.983928571429

-----------------------------------------------------
Confusion Matrix: 
 105   0   0   0   0   0   0   0   0   0
   0 100   0   0   0   0   0   0   0   0
   0   0 131   0   0   0   3   0   0   0
   0   0   0 105   0   0   0   2   0   0
   0   0   1   0 105   0   0   0   0   0
   0   0   0   0   0 121   0   0   0   0
   0   1   1   1   0   0 106   0   0   0
   0   0   0   0   0   0   0 116   0   0
   0   0   0   0   0   0   0   0 104   0
   0   0   0   1   0   0   0   0   0 117

Accuracy: 0.991071428571

-----------------------------------------------------
Confusion Matrix: 
 102   0   0   0   0   0   0   0   0   0
   0 103   0   0   0   0   0   0   0   0
   0   0 110   0   0   0   1   0   0   0
   0   0   0 109   0   0   0   1   0   0
   2   0   2   0 113   0   0   0   0   0
   0   0   0   0   0 123   0   0   0   0
   0   0   0   1   0   0 110   0   0   0
   0   0   0   0   0   0   0 119   0   0
   0   0   0   0   0   0   0   0 109   0
   0   0   0   0   0   0   0   0   0 115

Accuracy: 0.99375

-----------------------------------------------------

Validation Results:
0.989285714286 0.992857142857 0.983035714286 0.985714285714 0.989285714286 0.989285714286 0.983035714286 0.983928571429 0.991071428571 0.99375 

Mean:0.988125

