Grid scores on development set:

0.917 (+/-0.048) for {'n_neighbors': 1}
0.896 (+/-0.022) for {'n_neighbors': 3}
0.893 (+/-0.026) for {'n_neighbors': 5}
0.878 (+/-0.027) for {'n_neighbors': 7}
0.867 (+/-0.021) for {'n_neighbors': 9}


Best parameters set found on development set:
{'n_neighbors': 1}

Best score set found on development set:
0.917142857143

Validation:

Confusion Matrix: 
 110   0   2   1   1   0   0   0   1   0
   0 110   0   2   0   0   6   0   0   0
   1   0 109   0   0   0   1   0   1   0
   0   8   0 104   0   0   2   4   0   0
   4   0   6   3  93   0   0   0   1   0
   0   0   0   0   0  89   1   1   0   0
   0   6   1   3   0   0 104   0   1   0
   0   3   0   5   0   1   1 108   0   0
   0   1   1   1   0   0   0   0 102   0
   3   0   2   0   1   0   1   0   0 114

Accuracy: 0.93125

-----------------------------------------------------
Confusion Matrix: 
 114   0   0   0   1   0   0   0   0   0
   0 111   0   9   0   0   2   2   0   0
   2   0 108   0   3   0   0   0   0   0
   0   5   0  83   0   1   2   2   0   0
   0   1   4   0 106   0   1   0   2   1
   0   0   0   2   0 100   0   3   0   0
   0   7   3   2   0   0  96   1   0   0
   0   1   0   2   0   0   0 113   0   0
   0   1   3   0   0   0   1   0 110   0
   1   0   2   1   0   0   1   0   0 110

Accuracy: 0.938392857143

-----------------------------------------------------
Confusion Matrix: 
 100   0   3   0   0   0   0   0   0   2
   0 102   0   4   0   0   1   4   0   0
   2   0 100   0   3   0   3   0   1   0
   0   6   0 106   0   0   6   2   0   0
   3   1   5   1  87   0   0   0   2   0
   0   0   0   1   0 107   0   2   0   0
   0   8   6   2   0   0 115   0   5   0
   0   1   0   2   0   0   0 105   0   0
   0   0   0   0   0   0   1   0 106   0
   0   0   1   0   1   0   1   0   0 112

Accuracy: 0.928571428571

-----------------------------------------------------
Confusion Matrix: 
 102   0   2   1   2   0   0   0   1   0
   0 109   0   1   1   0   4   1   0   0
   3   0 104   0   0   0   1   0   0   0
   0   2   0 110   0   1   0   5   0   0
   2   0   6   2  94   0   1   0   1   0
   0   0   1   0   0  91   0   1   0   0
   0   9   2   2   0   1 107   1   1   0
   0   1   0   0   0   2   0 116   0   0
   0   0   2   0   1   0   0   0 102   0
   2   0   0   1   0   0   2   1   0 118

Accuracy: 0.940178571429

-----------------------------------------------------
Confusion Matrix: 
 104   0   1   0   0   0   0   0   0   0
   0 104   0   4   0   0   2   0   0   1
   2   0 103   0   1   0   3   0   1   0
   0   3   0 117   0   1   0   0   0   0
   3   3   3   1 103   0   0   0   0   0
   0   0   0   0   0 113   0   1   0   0
   0   8   4   2   0   0  95   0   2   1
   0   4   0   1   0   2   0 100   0   0
   0   0   1   0   0   0   2   0 106   0
   1   0   1   0   0   0   3   0   0 113

Accuracy: 0.944642857143

-----------------------------------------------------
Confusion Matrix: 
 118   0   2   0   2   0   0   0   0   1
   0 108   0   3   0   0   1   1   0   0
   1   0 102   0   0   0   2   0   0   0
   0   5   0 104   0   0   2   0   0   0
   2   0   8   1  99   1   0   0   0   0
   0   0   0   2   0 117   0   3   0   0
   0   7   5   3   0   0 100   0   0   0
   0   0   0   3   0   0   0 106   0   0
   0   0   0   0   0   0   0   0 102   0
   4   0   0   0   0   0   0   0   0 105

Accuracy: 0.947321428571

-----------------------------------------------------
Confusion Matrix: 
 103   0   6   0   2   0   0   0   0   0
   0 112   0   0   0   0   6   0   0   1
   3   0  96   0   1   0   1   0   1   0
   0   5   0 100   0   0   3   1   0   0
   3   0   5   0  97   0   0   0   0   0
   0   0   0   0   0 104   0   0   0   0
   0   5   1   3   0   1 108   1   0   0
   0   1   0   2   0   4   0 104   0   0
   1   0   0   0   0   0   1   0 111   0
   2   0   2   0   0   0   1   0   0 122

Accuracy: 0.94375

-----------------------------------------------------
Confusion Matrix: 
 112   0   1   0   2   0   0   0   0   1
   0 110   0   2   0   0   4   1   0   0
   2   0 102   0   1   0   2   0   1   0
   0   2   0 113   0   0   1   2   0   0
   1   0   5   2 102   0   0   0   1   2
   0   0   0   0   0 108   0   0   0   0
   0   8   3   2   0   1  97   1   1   0
   0   2   0   2   0   1   0 113   0   0
   1   0   2   0   0   0   2   0 101   0
   1   0   1   1   0   0   2   0   0  98

Accuracy: 0.942857142857

-----------------------------------------------------
Confusion Matrix: 
 103   0   6   0   2   0   0   0   0   0
   0 112   0   0   0   0   6   0   0   1
   3   0  96   0   1   0   1   0   1   0
   0   5   0 100   0   0   3   1   0   0
   3   0   5   0  97   0   0   0   0   0
   0   0   0   0   0 104   0   0   0   0
   0   5   1   3   0   1 108   1   0   0
   0   1   0   2   0   4   0 104   0   0
   1   0   0   0   0   0   1   0 111   0
   2   0   2   0   0   0   1   0   0 122

Accuracy: 0.94375

-----------------------------------------------------
Confusion Matrix: 
 105   0   3   0   0   0   0   0   0   0
   0 108   0   2   0   0   0   1   0   0
   1   0 111   0   1   0   1   0   1   0
   0   2   0 117   0   0   0   2   0   0
   4   1   4   1  96   0   0   0   0   1
   0   0   0   0   0 111   0   3   0   0
   0   7   3   3   0   1  92   1   2   1
   0   4   0   1   0   0   0 105   0   0
   0   1   1   0   0   0   2   0 105   0
   1   0   3   0   0   0   2   0   0 109

Accuracy: 0.945535714286

-----------------------------------------------------

Validation Results:
0.93125 0.938392857143 0.928571428571 0.940178571429 0.944642857143 0.947321428571 0.94375 0.942857142857 0.94375 0.945535714286 

Mean:0.940625

