Grid scores on development set:

0.826 (+/-0.020) for {'n_neighbors': 1}
0.783 (+/-0.032) for {'n_neighbors': 3}
0.742 (+/-0.040) for {'n_neighbors': 5}
0.741 (+/-0.055) for {'n_neighbors': 7}
0.726 (+/-0.060) for {'n_neighbors': 9}


Best parameters set found on development set:
{'n_neighbors': 1}

Best score set found on development set:
0.825714285714

Validation:

Confusion Matrix: 
  90   3   2   1   0   0   1   0   2   1
   3 112   0   3   6   0   1   1   0   0
   0   0  95   0   5   0   6   0   3   0
   1  10   0  93   0   1   2  11   2   0
   4   6   6   1  84   0   1   1   2   2
   1   0   0   0   0 117   0   2   2   0
   0  11   6   4   0   0  95   2   1   0
   0   1   0   3   0   5   2  96   0   0
   3   0   0   0   2   0   0   1  97   1
   0   0   0   1   2   1   3   0   0  99

Accuracy: 0.873214285714

-----------------------------------------------------
Confusion Matrix: 
  98   2   0   1   1   1   0   4   2   1
   1 105   1   1   2   0   4   0   0   0
   3   2 101   0   0   0   3   0   0   0
   1   9   0  87   0   0   0   8   0   1
   4   8   9   0  89   0   4   1   2   1
   1   0   0   3   0  96   0   9   2   0
   1  11   7   4   0   0  90   2   1   0
   1   0   0   8   0   8   1 105   1   0
   3   0   1   1   2   1   1   1  86   1
   1   0   0   1   1   0   1   0   0 111

Accuracy: 0.864285714286

-----------------------------------------------------
Confusion Matrix: 
 104   3   4   2   2   0   0   1   3   0
   0 103   0   4   0   0   3   0   0   0
   0   1  99   0   6   1   3   0   1   0
   1   4   0  90   0   2   1   6   0   2
   4  16   5   0  81   1   8   0   0   4
   0   0   0   2   0 106   0   5   2   0
   2   9   5   9   2   0  81   2   1   1
   0   2   0   5   0   1   1  97   0   0
   8   0   1   2   1   2   0   1  94   2
   2   0   0   2   1   0   2   0   0 104

Accuracy: 0.85625

-----------------------------------------------------
Confusion Matrix: 
  94   1   3   2   0   1   0   2   7   0
   4 101   0   3   0   0   0   0   0   0
   2   1  91   0   3   1   2   1   1   1
   1   3   0 103   0   1   2   6   1   0
   0  18   5   1  79   1   4   1   6   1
   0   0   0   2   0 105   0   3   0   0
   0  17   6   4   5   0  77   2   0   0
   0   1   0   8   0   3   0 104   0   0
   5   0   1   1   3   1   1   0 101   1
   1   0   1   4   3   0   2   1   0 103

Accuracy: 0.855357142857

-----------------------------------------------------
Confusion Matrix: 
  84   1   1   1   1   1   0   0   1   0
   1 104   0   4   0   0   0   0   0   0
   6   0 105   0   1   1   7   1   0   0
   3   4   0  97   0   3   2   9   1   1
   0  16   5   1  82   0   3   1   6   0
   2   0   0   3   0  99   0   6   1   0
   3  13  13   6   4   0  88   2   0   0
   1   2   0   6   0   3   0  97   1   0
   5   0   2   2   1   0   0   0  97   0
   0   1   0   2   3   0   1   0   0 102

Accuracy: 0.852678571429

-----------------------------------------------------
Confusion Matrix: 
 101   4   0   1   0   0   0   0   7   2
   0 115   0   5   0   0   4   0   0   0
   1   0 101   0   4   1   5   1   0   0
   2   3   0  81   0   1   0   5   1   0
   1   6   6   4  92   0   3   0   1   2
   4   0   0   0   0  94   0   6   1   0
   2   8   4   8   2   0  81   3   0   1
   1   1   0   5   0   4   0 105   0   0
   2   0   2   3   3   0   1   0 104   0
   1   0   1   1   0   0   3   1   2 106

Accuracy: 0.875

-----------------------------------------------------
Confusion Matrix: 
 108   3   1   3   1   3   1   1   2   0
   3  82   1   0   6   0   1   0   0   0
   1   0 100   0   3   0   8   0   0   0
   3   5   0  87   0   0   0   4   0   1
   5  14   5   0  89   0   2   0   2   0
   0   0   0   3   0 104   0   9   1   0
   0  12   7   7   1   0  82   3   1   1
   0   1   0   4   0   3   0 107   0   0
  10   0   2   1   1   0   1   1  92   2
   0   0   0   2   2   0   1   1   1 112

Accuracy: 0.859821428571

-----------------------------------------------------
Confusion Matrix: 
 104   1   1   3   1   1   0   1   2   1
   1  92   0   1   0   0   2   0   0   0
   0   2  96   0   3   0   5   0   0   1
   2   8   0  93   0   0   4   6   0   0
   3   7   6   0  88   0   7   1   4   0
   1   0   0   5   0 109   0   6   0   0
   3  11   5   7   1   0  87   4   0   1
   0   0   0   6   0   4   1  95   1   0
   9   1   0   2   1   0   1   1 100   1
   0   0   0   4   1   0   3   0   0 102

Accuracy: 0.8625

-----------------------------------------------------
Confusion Matrix: 
  96   1   1   2   1   1   0   0   4   0
   3 102   0   3   4   0   3   1   0   0
   0   2 108   0   2   1   5   0   0   0
   2   7   0  88   0   1   1   7   0   1
   4  12   6   0  79   0   7   0   2   0
   0   0   0   3   0 107   0   4   1   0
   3  11   8   2   2   0  87   3   1   1
   0   0   0   5   0   6   1  98   0   0
   1   0   0   0   4   0   0   0 106   0
   1   0   0   1   1   0   1   0   1 104

Accuracy: 0.870535714286

-----------------------------------------------------
Confusion Matrix: 
  92   2   1   3   1   1   1   0   3   1
   0  95   2   0   1   0   1   1   0   0
   1   2 120   0   1   0   8   0   2   0
   0   8   0  90   0   0   0   8   0   1
   2  10   5   1  75   0   9   0   2   2
   2   0   0   5   0 111   0   3   0   0
   1   9   7   8   1   0  78   3   1   1
   0   0   0   7   0   4   2 102   1   0
   9   0   0   0   1   0   1   3  90   0
   1   0   0   2   2   1   1   0   1 110

Accuracy: 0.859821428571

-----------------------------------------------------

Validation Results:
0.873214285714 0.864285714286 0.85625 0.855357142857 0.852678571429 0.875 0.859821428571 0.8625 0.870535714286 0.859821428571 

Mean:0.862946428571

